700005080900020004800000600070000108600070020000000050060807210010600800000400003
020300060430050010000000500001600740009075002600900000060010020008060000000000100
007005060000042001900300000050000000020800400300290600206400000080000009000007000
100000750073000040000006003090000000000000060204108000007004020080905016050800400
085000004620000800004500000000730002017000003000000000406350080003920000000078900
039000500100000040005000007080950000000003090001070000000300605000600800200109300
580060203000000010140002800000000304016403000000008007000000000002856000600090702
000020008090004000140500002000060009000380001000000600005001900002600003800030400
001080000030900120040000070006800000020070010400002900700020006010009200900030000
900100007300000028050020100008600402504800000100005000000080704007309001000000000
080000000200005700006000843042003000000081020030004008007020600000100005301000002
200001000000003190009000300030100000105000000790800006670000040002004900000500200
000000045000904700000013000300000900000000008000862050009040000008300060020096070
000057200500003000006000850100006008008310000600002500002000900009070600005064020
200000041000800350360700020006000000000003100017004000005070004070060009804000000
070000020000000109090000046006209710004008000080060900500020000000031000000006032
400700001503000000870340000650000000090060200300407900000010090000080014000009000
054920007000006004010370902200093000000205000700600000009000005076000000400030609
070600000023000700591000308000008030000063009080009015000000000000002581800906020
003000000500000001960003054000200503405600008080000000046081000190070000008006000
107009000000003000060000009004002800530804090800350004090020180008001906006000030
009000000800009043000450700274000510900005000501000000410087090080604000000000006
000000006007006005000052300080035000000007000150900000401000200030100049002000050
850000210000300005247000000000001040070000120000400850010709000008540000600002000
005000090080037000109004000600090020070000003800000604500100000000705400000300002
041500060050706000000300080007908100000000000003250800005004600706000020030002005
000000800096000002010640000000109048004080000020500001069001000000000034700006005
000080010000000000000001094900000045062700009038000760706008000005009000801200070
000508072000092500000600000040001700005000100000007009160004800970010040000020000
000000000010000063800637004095200670000000000700806200000040080903000000200109300
800100709000000036000309040020004060360000000095020000200000000901270000003050008
060005800570018004090200000004000001000002000900000205000000507003006000010080340
040001290000072080000906700010000300506000008004000900000000006200705000000230500
007800006610000000020600095000078000105060809000002500030057000000200084000000300
000200800300090075005000006070400068009080000200001000000006007000040030500007240
000006029000509300003000007050900204002040000800000030900400002000031000600000180
010204000300000000800000009000000860000091023001700005045000900000050000009130008
030002008500060900082400670000900000060003280000000509008706000600000005073000000
470100090010000600090006300000007509000028740030600000840075000000000000000480070
000000030360000900409000028010425070000000010002009000050062300020700000034100000
200500801010027009004000000000100000830006700400000000080000010006050002509602000
205031708000000000006250030002000000000000251090703000100908600007000000680000000
050900370000000060008070000000200431007003000006410000030008700070100800080030150
600500478520000000080000500000002809000081000090000030400070002030050000050800000
203000007000601002001000980000005470086000000000300100309010600000030000040050000
100090200700000091000000607090080000000509032310070050520000003970020000003010709
000000108259000000100700090000900004703006000090000520600010700040670050000000400
800025900000300200406000050904000000700100000002000401000009800005600004080032070
097000001060003000000500048300008000100020006020190030000000500002080004008000600
000003090000020456050010020002700000007001502104900000810070060600000804000000001
010002000000800060900100708620000000040010800009340000006009080300400100200000600
060700010020000000000014000000001007037009800240500009000803900900045300000000720
600905000800201500041060000000000652000000000090400003200100000000000704008050030
400900300000030002020080970008003000100600007004005000006070084507040031000000000
001030000036007004000900001980010003020003090000800050000040205300000086600000040
800000090900005010000390500012050000607200008000007000020010000000004120040800030
908020030006000000002000460000300720800060000000800050140000003000200000000093107
805067900000040006002000000080000000000001030100009074026000005040000310007080000
030600000906003070450070001000006003203000140000080050000004007600700200005032000
050000000006004072004086010007010030000009000010070005060005000140200690300400000
206000910030000000000020067000050009604008070007100000402810000000004120000000703
074000050030700900005200103050000830000000000940007000000960700009000680600401000
200080060407200000093070000500000000070906008034050600000302007000500043020000800
005003000040005089629000003000400056006000008007300090090106000001500700000000000
063000400200004500000800000080000300900200705074360000006507001000000000407000090
020000005000007091600000007001008004000970500300020000900000008086003000052060010
000000800400000000609000007008076005000003000054009310000001050030504000900000028
000001000030205600004078352000100000003800007000000485090000006000000500102004090
000600170100092080900000000000301002000000050009004006008100030005000700006748000
800600900032000600007000013700046280050000000009000400080527060000100008006800000
201006030000000001000008025000000850083005000000020090192000000008090400500087000
260000000800000060000905000000010500910002000000006010502000703000003004078509001
030005008070204060000000003000902000002070000086300900000010070840000500000006020
800030500060010079000000000030042000000900040501000600000000800195003000700004056
100060000040000506009700040000500930060100407800000000080004025090002100002000000
053000000090000050000809100000000800400601009106003400310000002002400000000000590
050900060000000179107000000000031000035060002000000054006000200002070900010004530
090040200200000043601000007050010090007069005000003000000001400706008002000050000
040000800308000050020070000010049000050000602090030400000008304100094200700001000
600040000007003900008000206000004100009500002705190000800400060000009020030050000
400000000000630070700004003000001000020700600835000000009007020050090001200306004
500206000004007000007500039000003070205080000080100400040600005001005200000000090
000000010800000302000500400006000000000600207290000501027094000010260005308007000
300000000060000109000040007010409000400025800008060000087200500046800070002900000
016050000003100060000480000002907000000600001000000690207500100031000070800000940
010005000009000701000306000008001490005200070700000000000000000023000060960002015
600005370002000400700000000000006009200100500800900010000634050090000000050000706
400090008310000000002080600000070503006000004000000910009001000200704000000500740
970240063000000001036010000000000009002400100090060520400070608008000000007008090
601000000070032000080000719000460072006001030000200680500800000800020001003009000
020006005080000704007008000000045007104700030900000000200504003801020400000000002
000205007008047050000008009400063001300080000507000080000900000000100700002000043
000470000040002000003056000002080009600093040000700080050000307006100095100200400
009600000600300082080010030000100003708900005120000007070000500050080200006009000
003002064081000090070000030020300000009087300000020000000840000000060001036000580
800153000009000000200000070600000208005700003000809000900006000000008010304000090
097016000102800000000000700000008290030000500409500800000931045000000000000000003
006005000000000000000710908000050000090000706501000020200043001170000000030000069
000002560306000900040000000020010000004030000830007000109070650600000000000109020
001500004006000005800060300010000600000903820000200090005420130020001000000300008
800004070300070809006000000400009723000800000090003000000201000760000100005600002
000070000006400020003105706004000080000810005500000900492000070600050000010300000
105000004907040032000009000000000527050031000600000010000000005004805090000190600
050700029020000000000013000600000030090030005034508006700600000000005000000402780
900000700063400010080020400000600003204000000800000090000007001009080200000140500
000001270060070015040000000002000000804900001700100800030000000006802030000003060
000600904020007010307000600040000000600010080009804060050060000700000000800450100
001050049040003070006000000004007500780001600020000080000608400213000000000090003
000000748680000200090405000000046001000008600100000034300000002001039006002600000
000004050070065000209000007000109063000000008600020000500000100901300500800050090
050000000000040820109000640087003006005006000060402000000095000070000009501070080
060000020000820000037506000040000030000090400100000060085000300002085004000040070
790000013080010005000704000000406000075002160002000009800200900000000000006001570
579000030000000020200007600006070400010002000900003800340020070080000000000056004
010070060000300000930000040000400300000080027020705001483090070000000000070100802
500400008400910005000000904000208700007060000000000459005007000008000010612000800
001504008500600300003080000000700910200000004004100000050008000000907020046000000
053000007000704002060005000000000080809020000010009000041080000000070058005000203
000170300500200001000000040008009100090030460003750090850000079000000800031000000
900006170300000002000000040010000530000100204080407000700009005000000006508072000
000020009020000030604180000000003107070050000960007002085200300000000000006004080
000009810000001000320050600700000005030048006060200000008900300000000002679400500
000680070000000006000007090000003000086000000579000460700100002890500130010020000
000004810300200000107800005000030000005006042003090070000000000600070000079003650
300087000590000300820000009004063050000000840003500910005040100000000000070009000
003000006709006300000040800000100005010902070000680000800020000500000000020837060
000800007040006000000300010000710000009000730100002005000009006003008000620000450
200009000000001000308400069003020400000000000002095380605003092100000000000200047
000000904054000106300000050026009000093000502100005000060032040070000008000706001
040000006030000780008130020006800059050000060007010400600000005000064000570300000
000009507040000280000006040700200800000000905000008004005602000097500000014700000
000009702000080095600002000800000000702810059000005000004090080060000010903004000
030002060000300008500000000201600070000000100004500009002861090000703020300000001
105080000200000007000312000000700106041000300000090700000178200000900000890054000
000000308208040060300080070000000432000000050000872000190000000406100000720309000
010000000006401820000650003000000000507800000380100049040700001005080000000006250
702500060000009010004001302200000000000050006900007050400030007000894000060000020
000386040005000300009001020000500963000800000004000000020000800700010090031400000
000060070008040005900008200003006009002070400000000831000000000097034000806005000
080004000009016002002000003500369800000000050040008060000000000030500100004700020
400100500000080040000506009200000000035900200006401700001000000024000060000038002
700100360091000080000002700900800000004000830200030000800090000003600401000340000
000240950800006070900000008000010580000830021500900000070000004000109000001020007
000597000006200500000000070000400050089001006070060810500000080000002030108000290
070205040000080070000000981900006000004000006000073005000008000815000060600400009
020047000080000012000020830400009600005600000000070050900000000800400700614082000
930000000020000570704090000050300002400086000000400050100063420208000100000000000
100500400059070000007200001000905002030000600702400300500006040000000007070010000
900500000570060000000000080600070308000000490001002000020000014000000800187200069
001000700830000000500160000000000090000490238080650400000201800700800005900000000
150074000040090030000001000487000000000300000000000405006002740009008000800000001
000000002571000000930700000090805000006000970700000038005000020000010005000203040
050419070270500040000000008023000000000260095000000800002000000940000080100094036
000300000000060030000208057070000903008100000340005720010004008000000510007080600
000090040700000000010260000000000320005074000300100005050700034020005006001903000
080000007203000000750000040400050100002600000000940080000002000049008530000004079
407000500860003020000000006270009000000708049000064005006080100792100000001002000
090200800000056900060091040004000000700003520900500300000010002100004053000700006
090600000000070030070003065204080000300009200000420008800200000450000800000000700
000600057100000000005017040010908200392000006000004000023000090980000005000200600
972000040000004000000108090451300060000000200003000000000006834000500000700000602
504000900000009004000203000020006701701000080000090500000008030200030100000020605
107305000000000000900800250010070006270000008008600500000430000000000801302000600
200000080060000070000100026100790040040000509000000800090005000004680000601203000
600003800907000120000900000009016370040005080200000000130000900000800200000060040
007000860068702010000006000020600003086030000750000000000054300000200700000010084
401000006060002095000000402079800000000000004006500108200001040000090000500680000
004000308001500097000068001000076423000001000200000100809020070000000000050014000
080026007607000050300800000400000000025070100010030400070300000000640001000005008
400200006000003080081700050000060070008500000206300100000020000004000802005806004
508000070700030000019050200000000912003900060000020000001500490090200003070680000
900000070000508310200300009650000000000450000001080030006003000002004068004100200
470000300000001000000009000000002030100500420900030001020007000006040000030060980
001640900008900020000301000090000000600000809004050100040000005000002008120000600
020800050100005002060201400098006300000000000307190000000609005000030207500002000
250000600000004001004000700020400190000000002003059000800007000702000003000081400
200070040010940608000058000020000081000000500100000204568020700000090005040700000
000000680032000004000000109040050800200600000007000000620908000900000050001007040
008010063006030704000700000040000010850000006103400500070002090060300100900000300
300090000007010950000504600000008400000040390010600000095000030100080000006030780
140085000807009004029070081050007003001000470000000000003000050070900600090060007
000270900050600000007059014410900060000000080308000009000005006860300700005000200
000400096000907300051680000000800009147000000000060030500000000400000082200000713
000061000700900050006040200004008000260000000070000090001720300000009001500030620
002000090009028007700000010005007000000000300100500060600084002000900000087010005
000000010950800600000003709000750090000012000000000405030060080509000000070020100
000000000308000075015096200002608000000040500800500014000000000000009463700004000
004060300038000000000007120150003090000000000093200040040500080000620400005010070
000625003069000004000000100000000000500300046000100200000030602981006400002500010
503000000098000150700009000000000002000700040006403708000908006009026480007000020
000000080030400509406050000000380290000000000058900016007000030603000005000002960
500060020030002086004000000007100090000430100000098400020310609000000007009000000
040700900008000060100000700600015000703000000000020000200800040000060018000409030
506300000040000030008009460050002000000000090629001000003865029007000300000010000
700080040020000000950006001006010500800300000007500024400057610000000000060020700
708009320001000000000700090005006003400005700910000008000107500000300000059400000
000000000860103000003800005530000000107500040090020100000408020000000408900070010
000800004000000260050720030080000309000000010027600000070010000008940700500000008
400030010000006002070082040006300004200000009034000080000008030502070000300940070
480500000070002000001004069000005030000340810500000700000061004040090500000000080
000600004000500000080070501900300000010900008000050000600009070200000069503004000
040103000050000207000800904006000000097605401000000850020000500700061000004000000
003506001000000604002840000504930000000007040009000700000050000291000006300008000
060002900070000005540780620200510000008020070000060000100000080000870006400000500
691000000000600043000000070002380000400000300807000209040000800159047000000009007
003070900604000000090005400000003000070050300009002180060080700200060043000000800
802900010460000708000600200070002500008100000000007001001500030000000020256008000
012500408300109000000002000500207014030000080009000000008070001070010890000600000
004000003005407010090000005400000027000560008000002090800200030003006204509070000
000906000800000005095000007062570800308600000000000100500008030004000001006709200
840000500000000000002090040100900000030080020000006308504020000080705006000030010
007680020000000300014009600050000100040090000000807002580006001000002000001400960
000062007050090803400001000000020000070008030190600000000900080000050070005006921
004090058003000009050300260000021004200000007040600000005000903010056070000080000
000090708060000020003400009000000040007000000300054201001765000090012004200000050
000000050520000090987050000000200009009006700063580100010000060000004003000032010
000008050000017300107090000000009080360000205002000600080070000004201070000000000
480000005006000200000702000038060007000008006100000000000907001000100930004200000
803500670004000000560010008700041560200009000000008100000060000000003700406070910
000042080700008100000710409037000000000000090400920300240000003301000007000600000
000002005000086439700400000605000001000090000400008090040200080903540000000030000
003000040120009070097020300004000060050900000030006400019005000000700100200000008
000080400010049302800000000000000000039500206000010700600000000007120005040600008
000200000700003860403000500040086000100000090006509000000078009005600007810300000
050001000000609004300200060080070006906105000000004070800000030400090000000016780
000090008004020760010600000067000200300750000000000980400060003009000400001008000
009870000080002400000001200068190000000000500005008009300200970000300002400000050
000000570530000108020006000001090600050708000300000040000069000100000006000007814
006809070800005120015000000000900034000000010043050000000300700000000409090146000
000064070000005000530008900600000082300000501002080400014030006000000000900050340
000007008041000070607050000002000000000035010450000006019040000000060700780301040
008409310500803006006000000000000000063000700800507004000004000320070800000001200
409000010030010800001006007300000500004020900000090006920030700000560002006800000
000000056167000000009008700300000201008000070010500600000006080920000500000407010
005300094010090000360000008800002006000000073000870900007200609030006240000000000
000040750050008003406000000000081000801002000520907000045030001900000560060000200
007802003300006000060003980000007040090000875006080000010054006000670000000000090
400000050060082000000000072009006700205900063000024000900500000000830000600001009
030008006200030100805900000960000020000080700002000000000061040070300560008700000
000003040407090200008060070030005001080001900010000050900800000060009028000000400
002700400009002507000008006010064950000800000050000608000000801070300000048900000
000000000700309020006850000000605800000030900000907103038000000010080004002010030
120000070506004200000106000009300045403050080000700090000000000000097020074005800
100000002005006800700001400236008500000000040010900300040002760090000000007103000
000048020300700000009200071008100060000060800040002000000000059904300208000070000
008000013600805000000006080203000004004000091000020000310000758007010040000500000
800000040000809020000003007920000050400000006050730400600050090002100300000040000
000140000010806703030007000006010904100009060000000000009000300400000127620000090
000802050000000000000760800083040000705000000060310000010900006500000080006005321
018009000006250090000007005904000000000500400001780900605000007080060031030000000
000102000000004923080000060508000040700000300420310000000049000900630007350000004
708902000000006000004100000000003000040050070100000003090001000200030008807060025
007006000095370008040200010003700000001030050000000004600908400100400000000000097
097400005008000003030000000009070000050000000200613000800040300002391007000028500
050072900000006002600000008860000490000004003010000000206013800140000000070050060
000080007000654000015000060003000090000906400400007000070000000020000080104038005
700000600000700900000000320005008194000020030480001006008916000050080000090030000
006092000100000750000000008000040006000020100300000075002400060050000800930701000
300960100405000020020000030000004503900008002007500600000000000001480000006090000
201000000500000308090200000040060005080035010000400000906740000000008500004000000
400020010200350090089104000000500001070000200100000000000200574000601008700400000
000009000000870109090400080180602000724300000000000000009700004000020503062030800
703000006090300000256080000000000049000904230001000000520060001000075004000800300
000005004000130000084000032020390000900000000008401750790500000000006200600000040
007000000420160080000070009300904810008006040000000700003090000840200301000000000
010070300800900000000000027045001000000300860000000000007800003500600080400000651
038000600005804010000079000600100290500000000000000036400900162002050080000040009
000000003800600210001500080100000900000039002052100060300000000004006090618004000
009080070050000600080000003600000700008305000000091000705009204002007000000060900
050002001076080000009000800000000012020070000805003040000000900007004000400790080
039000005502100000000080060000800070007002403600000000050300726000040009000600000
306001090000070000000400830000002400003006000008903010450200000000500009200007000
000100030006000800040306000002015060400000052500003001000050400070000000008001009
000097200698000004300001000204000500000004006000805000000900001006000420703010600
600904000000080000000001070050000130040000906100520000007000093000003008900057010
070000090503007004008090000000810000800000729040003000010030000000689075000000400
000000000000309005500060028000001003000090206709400000800200000600830700030000050
020008030000070650000000002010020089800001000450006000030000005000405070000603020
003000000000900000000134200100000069050008000006500000004209008570000400309000006
060000400500900200400030050002170000049003005370005900008000600090401080000000000
008000210000006040750400030004000053380000000000008000000007000210089500576010000
086000000090800510000020000002003056000000009050900030307006000000007000024000080
040000020000083000907020000000201450000000000030600700300000500501000900080094301
249000000000001052001300040008520000000000009930060000400000090600007430087000100
800509000060001000400000850000204000000106980000000104089000060000907000620000530
380000010047000000000040900000004700000300890600000000010008070008006200060253001
200000004390400000040000017000892000009000001500003080600700005000080040005000000
200040050090200000000900004070000005800090027000010400000580000082060390100000000
030057800002060010001093060680000040050000001200400000000000000000085003040000005
020400010300000000900000840000080601080760409000050000518007000002830095090000060
070003008063000100800000005040128000002000080700000300091060000000080000200700563
800025003000000106020403000007000065900001000200000000000000054090030000430010800
080901600000000034007000008671300200002000080009002003700000000004510000196200000
200000000081970002000350800900500000703000004000100700100000080000000003800063207
050070409000001070000080000090804000000600080002300007080040050010000900004109000
005209008930501000400000000000702000000003004709000500000000180306000900200300000
000700060040059007000000300460000500800623000003000090300000000000091700750008004
900000000400310090000480005300140800000605010020008460056000200000001000003000900
010000200090034080000008000806070009000600000000009703004086050002050000009040007
027001000000800700104005000090000000502030000400106000000067034000200107300400090
400070000009000501000653804090068030000310002200000400900130000070000000005040003
054700003002080500001000006005210000010049050000006002000952000003000907000000800
000003000096002030400000170240170000000006000000408000050004006000900800068000910
000000500000900000120003080700030000005004001009000703090500007260070040000089000
000000002400089000007040090300007000901008270070004031020900800800000600109000050
000004007800030060450100000908000000017005400040096000702800003000000601001000000
302000000008005036000000000020907400000006005019008000070030608600000000050001790
070800000000200078601370000300000009000000605000050021048000300000700000009010040
708010600901600050000080000600041890200006000000009030030000980040000000106000300
000025100506000008000000740010040200800003600030002070020006800000030000700000090
000800300321000605000000027007095030009003000004000010700028000000000900000070108
003840050000130080015600000900400000000006004608700032500000073006000000080900006
700020000000050720030000006200500603400000000500082004108004005600079000004000002
900000003006001020780430690000000800400200530000000002207000000000172050030860009
000200000021004000000090700100560000005000020000007800840100000300600005700000306
040000006000014800007053000500070000001000509090000032000960700200000040080005020
030000950000698700000000610900012500000900000702000000006000100870005003000826000
370000000040001600000500200004000900509003810807009004000000120003040006001095000
000002000009100000610800020060000700000040005900500810000400230020009000570600908
004050000500700340000009020000086002900003001306010009007000800160000000008090016
050600400002008000030010090900000540000700100008060000100092000000000300400800060
000060090000000306000002000230000000008004720049200001001040009080035104050006000
001004000004060279600000000000301000590800007006005080000400050000003900800079003
070001060000270800000050043890700000000300010000092300500008100400000002008003000
000710900003600001090800500002000400060000000100203007800000003070005090900006000
030700000007605038000009006000160009050020000000500203002000004514000600670002000
200700000060000008000390600000650100600040000100000007040000010038072000000000023
040002000006070030070309200000007008200100000000800096000080005980000410000003000
000000985090041000200000000001500002000000000004820060050070041700400006040000053
700000000020091004800005030082003000000000375070600002900000000006000017000102509
400800001300000470095000000009000803000030000004207019007002000010700028000003090
000600004900000860000000030600050000002400090043002007008705900104030500000010600
000003104000090000600720008000400009045000200000009060730060001000000700180070000
007650200006400030000000000000010002103906800000080005900000004082190000000200009
000900000050020400200800006000001020600000000900002043080500009000000010130607005
000080000507090000082700010209000500001800030000013007053000800000000060900006400
000097850609000004070300000000010040041600087008009005003000000010000200900002500
000010203700080400080045900000000000020000510050920000007400800500030000240000050
700000010000700800000000300460010000100006205008009007201060500580400000009300000
000600300602700080003000005080300012009000000000004607098506030000200900207000500
004030000068000000300020700000500300001000902590000004782400000006000008000609000
000000604100000050068900000010309000080000400020000900070680013000000067300700000
080000000005016000109070200038009010000020700000300400002000000000001570001005809
640021090000000040008000020003290000000000005906050400000100306400000080080600010
000080039500009200007000000008000300900005100620001080000070060001000073006002400
030009010001000702000340000250417000004200005300006000019003000000800000000000403
006005007700080000000304009000006000000012030004000102005001000800000300000500460
000000000030000520784000001500300000070920000008407300800004007050000400020590600
004000000009036000000001500200000006490000000000085300008093002000007065010000007
054068000001039002000005008060092080020500090000000004902000060030000400080000009
917008005000003000000600001103590080500000060800006007000000003030040708000030410
030005070040600300600000058800030406000000025004000000000480900000070000790010000
407200008008040500290000600000400002100800000000602950000001000000060000650020301
800005300000060042020100000040030001082050000500000000900002000000078106306010000
090002056040010300108000002800305000000081000000000000006507020004000903000006001
000030050609050004000000600140870000003000000000100283900000006080006100000094002
500020090008000000001000030100008000035000900000600104000480070090271803000000000
000005800090200034003000000000000000006090020407060001050400000070080000100936008
000089006000007000703400000090010000002000800010300590069005000000901400000040007
045000003070000900000074000000000090206090000000625400000006002090082045800050000
409060000003001200600080001040006009007100306002009070000035000000400507000000040
080000000001600030000480009005000070000302046800000300047009102000001000506000000
042000007000000003061007200000050600900030504000001009020600075570000300009200000
014200060000000000070580900000001000000090002562003004700100008008009006006000020
050080000000120000000000204015300000030740009000001006204003017070600000081000005
000100070047000032500004006009000800300000000000063000006050201000200040070800900
300000809050008000000004056010460007000089300200000005801007000030000540000010000
300000050070905001008020040050007000900060008000001090600000000047006000030409060
004908050000501200700020000800300010005010070300050000000000603607400090000009000
010700900000000400000935700500068000040020000200000006000300070301856000000001000
500718040007000006900600010000002000000074800300000001063420000080000000002050007
010000400560100030003050090001920000000703800000000020005090000030000200200400056
060000050000600100200009003008100000005070000190062005700200090009000080050300040
000908006980065070026000000001409500002000090040000008000700304030000760100000000
408907025000000008100000000070003000600000210800040030000080950000009002060072004
000000600800900000003106097100600050020009000038002006406003000072008000000000502
008000060000000710010460000300000159000900000100007000079640000800000200060009400
060981200000000090007000060380506010000200000600004000004800000210000006000070030
009400080200010700000000020007051000000600004090000860060000040000390000100070000
000000030003481020908000500000000000000710005010050872000006780006530004009070300
000003100000800703000040006500078000962000000000060050005037000030600900100050080
058403600390080700000090000000500000500062000006040100801006000002000837000000000
008000000050402007120000400400030001000004030030900002790003000000100060000560020
300005000004903800000000017000007458000540900000090000103000620800000000005420000
000100000090045080000000241000030005405000090300700000020906004010800000809000700
008600504040309010020050060009000000050001002000005300600000007000960030030080000
500000710007600200400008003050060000068000420014005000000700160001430000000000900
080104000010020050000030204009076002201000009700000005304008001170000900000000030
006100030950000006000009000003020150047000060500060007000902040001308000005000000
075000482003000100200000000402000000080002000700409000807090300900143050000070060
000400500000327000003680000000010680200000070009000000100060230600240010905000000
030014560750000000060039020010093004005600000000000380000000000000050100090068230
050300907000074000800000100000005000020000800600000732300900500006400001094060000
000001008240000000700000093305070002020000006900000084006038100430700000080000007
020000403001902050970000000790040000502800007000096000000000020000073510810000000
020000040000000280008940010806070409050603001700000500140760000000000000000425000
000060000000100900846093000003000400002409000090008310500020604001700200000000097
000013056006070480050900002002004000008000000900000230500100068080000004400300000
000200008780600003000050600006005409000080370020000000057000004804000090000009500
000006057000100008300005400076023090800900070000010000409000000530009840000030000
370040000009210060001730040925400000060000007000050000000105086000000000500090010
801040090000000000004079805000000070600400000040080503015004006000900051000300207
390000000000200000005090380001000730800100040004005100050070900000000000209053670
000000945090000076006050000901800000200609000000000001000390200040200760007040010
000056023000002500000000067408009000071000002000085070800030005004010000700000800
000000050000405021801000000000070000590301400203004095902000000000000980006700002
800700030000680010004302000050000960600000700000010004020079000360005020000000000
500000000001000396006090040070500000300800600002043000650000100000006905400100000
000200809000087600000009050049600700038100090000000000000000517003000080400860000
308000020070201080000004000960080100134005000000007000500008900020000500000050038
906040800004000100000160470050000010030007005002000000000012007380906000060070000
901000000050020000200000350500040000006807000000032587010000005000400090060080002
460000903700000601000003000000050000000304700001080040000005200050438000046701050
800900470020070000100486000000600209007300080900000000010000906008000000000130005
100270000700003800900050001000004000000000009040300007000010000001002640650000080
026000000400005000007800300000100080009000074370000002001400090204600010600000000
200300000800094070007085003003400107090070000000001860000000000750000400400000206
000000800005090000000810000560020001010009070090008200050000007007201090004670005
070000000002400050000639800000004005006000902200300010001003000025000600007800009
000000000240000000000006450030009204100000000890300005080690000006007842001002009
800000001000007400047000053300009005000406000605120009000004000090570600500000200
000040001008060007506007940000038000900000570280005000001029000050000320009000000
806000300100000000005003004027000610000040870000002003000514037000090000090030056
005000003020000008000310040000004060000100050090000000001890700062500000038002600
020007100500800060009000080000000008700000692096030070010790043007503000000100000
200000394000430000000006000506000070002008000000204080008700001001000530900800000
050034600000020980000070023800000409100093000006500000008000000400002000590700206
003800290007001000104005000008900000600000300005007009201000805000000040000650000
003100058000080040400600100000008403007000006300400000000000009608050001010070020
070002090500900000800000730000090000000000004050030280380600000000007340720005600
040082070000000200030017005080000000000060850006430900100009080005000000094050010
050003000900020601120780009300010000000009104705800000201900000000000057000030000
400000030093000805006000900700030026000070100001000700080051000000040600609200000
004007000020000000080435070800950000902080001000000030050208300170000008000700005
007002800010400030000000000900005000000300040500020600080000400300000016145030700
500000040000657009960800100043000000000000001682004000400080700090003000000000200
080500026000040000420007089148005000003000000000079800010003040000600001050000900
096580001007030026001004300000006070054900000020000010002000000000025600000040030
000000200800000070020000080080007000602500000007210050700093060000006900003008004
000000090060340005000097804087000001500000008000025700400200003008060900203400000
060900007050004080000030050830605000007000020000410006000000060200000009004009070
007080060009000000080510000600800200008000000090400801040200600015030000000000107
090000008600000910407000000500000002010006009000750806002040005800000070030608000
800200706000000540900000020650000000001804200008106070004700030030090000200610000
002700010003000060058390000090075200000000000000460570000000000010820000020000756
300005000020000000080090007000000075006807000270600043030000900009010000040000102
000090600005040000800000020020680000090030007000009080981000000400000503037000900
040003000500000607300200050100000040020085073090070000200050000000094001000600300
070900000000840300902000008006080001000090004000602050608000000053000040020000005
003000010105000300600007000000040027030000800070020060000100900040200000000005001
800094003090801200004000001030000060605040030010500800700000000000008002000007048
700032069000004000000000000050090480200000000600071002060008500100000890000600001
006000040070000020003000000000700200040108600805004003008050090060300005500002100
160008002008620100030400000006302000074010050980046000007100000000000007000050300
000006000000030002000100030500000010003092060007005400000800600001900005030641090
506040009090205003408090200001000675000007040000060001000000004005009030600000020
070005020045100003300260000800010030030907200000000908060000004000002800500000000
206100000043800050910000072000010025000000701000400000000200580060004000009003040
000600400000410650010000070005000020000000008020900030007000009900140300006380000
040005001007000020010000004059003040000080050000006900000090002360050100008400003
000039000080750000004008000900000001000020035850000940092000460001000000000067003
900004000040020308002080006000000410005002093000070080050000002000010000086000700
060000002370090600200000300030070024080230000005004010000910005090600000000058000
004001003020003050000620409000070300219000006070100000060007000790050000058400200
300020760005001002000000000000005800017900000000400079500000600030040001009502008
080604900040017000500000070090000060350092000100700080000000400400003810000001002
000501000000040765034000000000070020308250001020000000200380600900000000003004800
013070000000002000562910000050000000800061705000807200000000034009730000020000670
020400100000350006010000009090000000007080002004060080570006040009000500100003000
000900000240000000006500200070004903003005060000007580060000730010000000590206000
009650300000903160302070000007010000105000030200000040001020000080400000000301000
000000807000902000007680000000001030901300060600000500490000050200400003050030004
420000008100000000030005704602000000090008600000901030056000480009800000010000052
000040500000005006069008007900100070021530000008000010010900400002000001000000350
000460032008000060300000100500002000070080006080017000002000704000025600900004021
150000800300002070009000050000900000006020080080004006000800040012009000500000739
000000000008020090000005034003090500019000280580070000070403900002000000030600007
090802076000000001080400000260007040300900600000000003000059000040000007810030950
000003205000007140004000008005010000000000002000340680960700000087030004052900000
190000300006073002000090640000001030060200000000084000089000000000500780012060000
000002005067000084200800006090200050000945020000076040079000100001008000300090000
706008400001700009005620000504300600000002154080000000000001700600090002000003000
050008000001200000009300040000100000300907080100000264060700900805000010003005000
048060001701000005050700000000002580600000400009000012000010000060070000203004960
700306000000005007946080003005600000698070000000000400000800002500003000300040708
040280000000036000300000940005000219007000000200000076000068000900010007810090000
040300900090000080000760340523400600100000005009001000205900000000650200900000500
008060000300000020006013500000340000605079003009000005090000040100700000060132900
020000040800300006900718000460000901050000004000001200000002000100070430090400000
060750049100020000000000300800000000000003094070004010002000060000060705400500000
300002000005000700200040900000600004000200000600570200010090820700000060560030000
002700400006100020840000900930400800000080000010050002000000008003000050200070040
006000010050000040230080070073000005905000000400902000004000900700008000000397000
600000073700001605000004000000400000080000900510760000050000800004080007300920000
500700030706204000420090000060000900000000010001050023600030000040100080000809700
008070100000060009000000000300710058007400006102500000780300040000000065500000300
023040070040000902000020030005907000030201040600000003308000150090500000000000460
200300000009026000040008010070002000001730000600050004000000006007091300002400800
000400010000051200050902600040080000089003104002000000090000082003804000100020060
003020008070004010000000230010500000000180590400000000509000006600030000000700900
050008000008000009900050030012030097000046000360100002000000008000021300070300040
000100508000508040080600010910000050500000007400030000030090060140806030000000400
000514000060080000309000000036000704000000000090250006000600108684000500070030000
260800000008000056000000040400900031300070400009040805030000000704501060000020000
508000020000040000002800006000005900800730001006900700100000008900300040000010065
008007200090000000070360800309800050000200000020700000940000610005001070006000009
700005000200807009000090003000060008132000000000900400000650000069200100080030067
003006000006900040080000000039020000100008005070043006000000000002065300700802500
003001090020004306008000000500079040006000105000000000600093402000500000000002038
003080000500010080000300700015008000900001006002004007000400093009050100004000520
000041000400950300570003010050072600000500700090600100009000040000197008000800000
603000000400000003020000190005904000000500004009280007360070000900006300002400800
000024000023009008001000030900700400050000000200000019060907040000008000048001500
000020000001509000900081002000030080006700500007260003002040070300000090050000008
000000720900037000000080010004000002090010350000405000000004030803006240600700005
000600000000100500708000001007020000010560309905000800000700004004003000050048002
060003001907000400000000050000040006000000720180002000605007103030000000000010042
000004100000700000890100027080007904000051800705030000067000040000000000900000560
000097300020400060007800000006000030008003004230900050000008010800050002009002007
300060701007900608060000000000300000980200040000000102000070900530000000709850410
302000000000000000005064803000906004200000008030510900008450092000000050006000000
000023045000010803600000000060400000000007008050030017001000509070001000040080030
005370002300600900001058000030000040100000705709000306400002000000801400000000000
000081030000500008020000700059000001000300070000059802307000100105430000040108000
008030950000070203010000040301500020000000007029000030090200605000000000000098001
000010300000069001500300026000830200009200000308040050000000108050100000600000045
000700008001060005824090000042000050970000304008200960000403000003005600000000000
900000000020518097830009020005600001000000008100020040000200000090005060600071000
300400000000761300107030804000059060000000000000207401004600903005010007800000000
107040000000000004040080600000500008800400930063000000600000090010302060032006080
305040000000800000007002040030000050008090200200300086600000795020105000000003060
000100840530000070080490000170006950000300000006000307060001000000280090007009000
020800301006000000000500008500000000080001650001040000904003200000006070300010540
005000200100700000206090300600050007300620009000008050020400000000900400503006000
000000800560030070004019003400100050008000000005200008700060000040000039001350600
900000040080007009004000005003005010100080060060004902000206050000030804700050001
400006000170000800002000107500000091000200000041005003207000009000002700003001050
907058010000000007005300040000003100006820000800900400380600000009207000070000000
060000000000175000485002003250030000003600000004000900810003050000790000000000060
000500900064102000700000020000001000970600002040000300030270000080004006000008135
000001065008567003000000891004009010701050009050000000000100000006070008020004900
607190500000020630800600100100200460300000008000801000006000090781300000000000000
000301245700009003001000000009000850007090000154000060000860009600000000020003080
000040095000001000003050020080000403109008000600000000907800000000400001500020700
098010050002005000700600002200090608000300010000806703000000504000000000300920070
000700500450000100003000002700803000006051200020000083000340008030106000002008000
060000005000708000000069000000000000020007030576020080000000023008001079703004001
504070209000003000001450000010000000809005703000600092205980010400000000000000308
000000060600009000309004100046000001090000020001002080003008719000500640000097002
000000006000009050001000020003065900700903008600002010400300000270000083000201005
020000904000809001000006080000200003010400090098500000000000000301002700050700609
807900040200003900400000035300010000050020006700500000000005020080200360000740000
004000080910002000050600004040000063000120000008000900000090100400000008036050007
610003000704000000003040000400050090060000170970000086000410000030070200000200509
100000086080050070700900004009060000604710000020003000000004510003000000000000062
600007000000050709004008000050460800008000207000000061009000000003500080800090020
001708000000690100064000070500004000700920058030000090005080904000005000000300002
076900200300500070000200000730040090002009010060130000008005002400006000000000300
800420000000070360000003000003000005004601900010700000050000130008000000002809407
009020600050000000030000041680000010100007000047000000000600030003104052010800060
000200004700000000600090300003085020000001000020006700010039400004000000900000576
000120000008007000672000000060405000805070960000002030006000009530000001000090700
013000000200000000070000054000002000060170400904008700020640000000200080700005100
000000014000640700600003002030750090000004508006008070700201000009076000160400000
050090040209000035400000090000078900001060000300500000000680000040300060805200001
004000081006000090700000500000003800000800072060049000310006900000000208040085300
206000009080600001000050000000090000408000260001760008020901000000070300053008000
003002050200018000001590003500130040008000060000000009005000000600270000000406100
000000601000604005042000000708000000030001000015043006300800000080095300001000000
070900800000080756400000000000000082060250000300001000020700003800020109000040070
000045200000070500900203000400607020600050008000900010040000003080000000003002760
000100903000805000042000050301000700500007000208006040009600208600000001000090060
000000168009700240000056000650000090100040003000002400000260001701400000000000700
006000008040800000020030000300600907502001003800700000030000060007046009000507000
000600000002095080010000072800000450020900010040003000000487030003200800170000000
005700000000040102091600080000507060307200000000030800000000010030010905000008200
800001070400000200090050100500009000003006890020000706000400080008005060000000407
903200000000090070000006520004000000057400031001050002000080000040900010006300080
073000201000570000902000080080003000000200900009080070031000007000400003000100460
050008000000700012000900430000010827000500000200000004600000090070080003029603000
390000708000006100700000006004008010020000500000520000070035000402080007005000030
650000170000890000070000009060000000800500900002406800700000030520700084000010000
000014008000000500000206000900080020305000010000500600820000300010060009074000200
079400000000007000000060002150020407060510003004030900000000000400009300000100805
060000900802009007300000420600400100070201090900700000000030000008007000400680200
000092800000060000000105000720001050009000074060300200000000012804000600001000000
004000007000090500080001020005000000800300600900700850020000360000570000010020000
600700040090000000000018700059082030000000050803000209000000070000021000325860400
500000003000000080091000050180050002000203008000800900300009201200070000600005070
607000900080350002000100800000007600013000000204000000005800090000000200009034080
002030000050600000310005040000050003008400006790020004007000000000971380000000900
050090700000400820000170003000000007803001000000000690900015000005000340300080000
090014000000009000240000608700040000100070402000001003400000700000900020032060500
200500004600801905000000070000000009040032150109000000401070000000090000008600500
000086000302400900068205400006050000080090030000000095000000340030100000200047000
080209000500070601000000080006010093008002100004035800000000005010360020000000400
039000080000060000500000000000049100705080004100000006001005830000000000608790500
000700050005024800020050900160000084000030000300006000004070030800500007600000200
005704000032100004000000009800059700000000080000070002300940600018000000009083200
001050000900008170007000026000900054050020900004000003030000002400007000010085000
000700004800090000000061907160000309000000060075000000700400210000010008290008700
805070024000000000040090087000620040003047500000000600002500000000100860090000000
000006008400781000016900000000000105032000080074000900600040201080300040000007000
003067001001000900004000003700402000800700006105000080000800060090000000206000100
241000000086000000070480060720300004000720000000000005004001090500000600010040700
700000106040209008005017300000304060000870090000000001086000004300040000100500600
005040300000020000000607009040170800800002000210030060004000700000003908070400002
070053009004807000000020000002700800031000020009000304060080010500010200000600000
080050000000000005690000003001000009920006070300810020070004200000260000004507000
800030070300470560000006000000041000000900200095000001004000603008700000200650040
000805001402000900800000500009003000730000000024090070006002040907010050000600800
076090020000000500008006000000035700000600050020000064480700300003004000009200007
000700080600000400040800001020090000050070000401000002010005006500000810004062700
000000000714065000500800000000300120008409600050007003000000000120000005080720010
910000700602003001000020004030801006060200008000000050000000010700306000109000500
060007005000001820001308000504030100300819000000000000050000690040003000008904000
009057002000000000002000159407010080100300400020000000060090000040003070095006001
000004000200000700700020108000570000065100000902000600000030060106040200007900010
400000508000010207800004006000100700980002010000005800002840000030000000009760000
010000007009004000000200000000002100920300806008040009570906010000020000390700500
030200008000060030000040095086002040000300000500000006307000000000001059010050400
050090060030000204980000013617008030000000000000053001400030000000200000000706020
010000060900008030000010000002900005530040000170023000000000894200004001060000500
070800900008050030090670080000103000086000470000060500000000200309024000002000040
800023670900600103000000000090006800402000030006507000000000010000079200000304060
540009000090100003006030400005001000800000020020504070000000100600080092050002000
000060390000000006870000102001050200000020063004080000000104000000200900302006007
000000500012000000000006070070031600098007003006004090005000837820009001000050009
006000000007000802408900510002800030150300700000420000700040000000000073080500400
070060000000004005000320600002570000390000040500600020030401870000000000910007000
067002800002000300108000500000003001006700400530000000000050000700130000000207006
000000207009007068007008000500000090340000000090600081000500000080902600061000950
030005010005600000920010006310920000000000000080407000000000008706200000050000430
700001830140070006008360170500094020000000000000020005980000010006000000070800090
020530400000000900000070006030100084006000000280600095000307000000002060509000340
000020035400600000000300400300098600000160002560000100000070090094000800802000060
710000000000005000000692000030580001005300000020009800006010009081000030207000060
701050000080026400030000000000062009090700005000090800500003090000800061000040020
000005090950000100400016000008004000500060000000801200090000030000008470103090850
704000000100062000300001507400300090000000080250104000000430020003000070800070900
800000020000473000056200003130800004000130000000009000000790540085060000000000037
060000020000060009305200010120090800080700204000000075000610040000000500200057300
000084010500006030060000509094051600020000003000007804040600000100078000000030000
009000087006200050450000000000007900007830000902010005004000008700601000800000006
004078500000930000600000000200005900000300200058000460007060080003100004041000600
000010040040000000000906035970058003000009000200300000102700004000003060090100820
000000910002607000650000080200004000000300060008021005870400090400006050001000000
720000380000000005300900000070000260650008000004102000060009020000450018000080000
350000000900300050000002810000079040800103500000208070481000000060000002000400007
009060107050800000000030600000000429005002000000006300002008030090670000781000000
600000030010000000037080500070605100003000700800020005000004000900001840001200000
800003507013000800000809002009000070000045000030002000001090000006057030000064009
600090020040070000000002000000020900400801500010040062900006071200000000301500000
009007000710200009020900060000004630506080092000020050300000800000010000080090020
090030054200091000010050600040006080000009005080400300005000008000005760800100000
400000007120000600057008000001030000000901560790005400000103002000000045080500000
000000000900501000250000009004300980680000040007085300000000096000030051070000800
000040090060200050100300000000000000070002964420106007000000370200010000038000026
000050002400008010000609000008070000000020069720000043340000005000100000070000306
070300005600700300500006040100000090000010007050003004980600000002004000003000010
009004037058900000000000000803060090060000380005400006002609040000020679300500000
000300050000140000407082006500001400090060308020000000600000070000023005009000030
080560003000070560002000008300009000000100000070820009000000905930000010500001630
900000203051860009000000000004000090026007500000005300003701080000000001105400030
780094000006002040004000003000000080009040005003800007200100008000060790030000500
806750000000041030030208050042000000160900000090100307400000089005000100000070000
004030875002080000700001002608470003000600008000000001309056010050000000020090000
001006500009001000000900406040100900000009020070080000230000050000030002590800070
040200000706000008000009000800005000000030042470000600300020007000000053005006094
700010080250030000000006004004620079197000500000000000000007200089004050000000090
007090820830002400102004000000205300070100050013000000000006500000300080680009000
300109007005007020002600000074900000080010600009000000407000019500000080900300000
004009500000100009900000401040070095030000800020601003350000100008300000002005070
000794000000800052000000000000001000018020040040000089050900300082006910401000000
003080010005600302000000000034001006600020000210000083400006200000000004089003050
400002300000801500008000006004000090900060030380004000005000100003020074000000080
040800219301000000089000003000001000020046070500300004700000300000074900800100000
000300060004006012800259000600000070008000000107430000500001900906800007070000000
060000500001850000070003000050310708300000010006000005000008043800245100010700000
000109500010080720050000080000040000900507008470002050004600900030001000600050030
040600000807400500960000010400030700100000020000000000009200030003090068000005000
020800010540001009190005000407100200000000000200309000000700080800600005000000730
520070000600800001008000000002600530001008002000009000070020004010000300000500809
300081000007035000006000009280003054060007900000500000040052000030700001900000002
030076050400000006008000002500900000000000007901705800300004200000100940200030000
407000060000109050310008000000205040080000000006090002000507000000060800071000029
600054000004020080003000000008300006000076900201500030000000700030007400950000008
000002000040651800009800000000060070760309020200005030402007000010500004008000000
000900260002080000980001000091000700003006050000030900000000040010809005520060001
000000000000780002000394000006200809000000000035060000500030010360041500400800070
360000004009007500000401300010000000000050900200006470075040090000000000000605080
700020800000907016000050000502000940040001508000090000000080490400005000001700000
120000004730280000000500100000800005080300490900002000000950002800400000000006007
300000901040056080005800004000308600500000000000021008830090000004000007007004200
700040020400690000002800010980020000000503009000010500001000603800300090650000000
000000820130026070000500004000750001085001003090600007400000000603004500002000000
070020000503000600010300000040010027000000400080093000000940130000000080900080700
003000009500000000070060040020000700001500080004080900007005100050690020032001850
000000000065000803210000000500600090600000371080040005000910007001078034000302000
001630740000007032000400000000080097620050000005000000204000000080000100000000608
500700900036010500000035000108097000000004080002000003309400001000029000000000006
040050038000210000060000000009000005000705091000400807008000000003004500100060204
060008200900200006400030000080000020005000300000000900050001000002043108090605003
600008204000001000302005600090000000000000030503700080860010020004009001170020065
000900803004000000700000041060100508000007000132000000456009000000018006009020700
007000000800010000000006840000720100002300000450000000010290380093060007006007001
082000040000900075070000030000089000760200900004600200009040000040105000650000024
000103760004900500800000100002700000000804003000000201350006000078000000006502000
000000900620070000009004800200000506006940030800700000075010302400000080000000100
800600001060000200000290007600080000705900000000000504900020070100048000207000040
009000042200084010080700300900300085000065000004200000000000000090000000007402150
060000007000030500030005800000700008000000000007504600900600070003000009051047020
010080500000260000009005406000030007007000900300058600020070000000000080900000270
060000030908300000040000907000400800805002000000006090000100040200800070016520000
060350009000040800002006010050000000401000030070600400000790000000004100306100008
080500400005006000030900700500200180009000002040600000006300059000000070000004200
000000002000308070000001040350084001080700009100000007706020300000030000002040600
000000002030084060000000739900008170500200000000400090004720600300500000609003000
100070094000003000802904001080400532501000000000000000600507010098000006200006000
000000000085003000000425006000300570040007002500000604000100768060040030003200000
041000000000640008005300000100000900080005104456900000000000260000080010009002003
000301900703000008400090000106000800070050003000806001020000030000005000031002790
000980203000000040000071005504000000960013002000700400000000834000006010003890000
060030050000700000090000006086002030000070200030810705000008500000009028200050001
000030000000800007500000130000409000460701090800002004010004700079010050000000003
005100007000000090190738000006300000700500900000070001002004030080607000061050008
040089300027000000000000060000130500009060020006500000000008000254000100030010007
300600074090800000085000000004100002050000040000006010000000069000075000073004001
000035090704080000000000400020100003003000275800090000002001360000908000000000710
560100300090008050000004760906401030000000000200500000030040620000905000005360400
500006000000800003003004708850001000000400000010607090365000000007000501020000069
300002000900087000000000408004000000001060000000001280010400050003050720705009006
390000000200700040000360270050000094000005086683000000060507000700090000004801500
030105000004600070000200500100002007300008090080706200500300006200900030090000000
050000730000251400010060900000100009900680500075300000003000000000040800060500000
000050000000002006920000004000003002000570800060004075005020003408710020700000000
000060500000900000080510209000009107004000002102040830800006300700003004040000000
916000030000000080000507900070002000100059003000400010030006004000000001400090200
080001000002050070000908003010400700209600508000002000000000009001093000805000060
689000000000000000000003504200000080000106059000300100306000000005001902070060040
000002000006837004048000090350000000010760009000004000031090027600000000000300800
000308070000109340003050060200000000000420001907600000020005000704000002060040000
500002000070300600081070020904000003000000000300105840000051092840000000000700080
920005006060004500040007002000190005693000000400003000200050000000000007000360020
010305007060090003003710040000080400074950000090100000600000800000003000042000106
100000200300000000004305070000640001000029084000700009800000000400900050001480906
300650701000000800096000000500000316000500904400010000010045070800170020000080003
409001000000000200380000640005260000000080306000437000006000078010000000000000904
400005060090000000000047500030510000780000000600200000000060030003000058010004670
060000490000000038300600025040860001000001000090500080700000009400058000080729000
100270004700400000020380000008010530006040020000600100809706002000000000000000460
008030102000009800040820000200004500080000900000500068000045300000702010970000000
000001600208000900000700021000020000001095000002100749540000008000000375000800000
002000067600050300000304500000400010080091000009800000000000700036009000008020045
400000268001840903000600000000400800009000050080105090000080000000500080025060004
800000900006000000104500000000000009007002014000730050000807460705006000900001070
030405000000070008000000070000000600301900500028300000107090030009002015000007000
304008000000507069060000000000000208009800400000305070680000004090000000700062000
072003000009001670000000900800047031000000000020010007080000000006020009004900708
028700090000000038009240700000027100000004600800090050410060000603000900000030000
102000000690501002050090007004106090500400010000000060080000000200000009340027000
003001008602000000000000070509000000070030960000080100000150209007900050300006004
000910007020600000000075009006000008070000091200000600300847000650000000400020010
000003080120700003000402709000070200030001040610000000400000300005800000000064050
800000090903400170000002000000000000200350081500781004307805900000000000410003000
080000064600000000400750000006010020010003000030500190701000006000020008000400500
000000000340006000000700410002008050000900203057200000000400000000070500006001039
054900000000003020009000007000000030800105200007000000700004012005700049003050000
208000007090000060000300900080070500754000008000090010030910000020000000009800102
000603008000800040000000300050060000690040531042000800000910400000005079005030006
027600000100500000800000600400000005010057830006003070000000000000300904004006010
000500000002900010050070000040800000600000070010030250000000001000603405095081320
000005000000430001006020430000900600000000012080500700305080006028000100900041800
020060400040087050509104700172500900900000000000000070890000200005000000400020080
040000000200009000000300208007003001100908050536100000000000003061020080050400100
000000090960400000000800005870500100150020003000007200015006087700000000080003001
005100000090000002003205000000902000120000600006300098050030000000004700080070904
820710030004005000000890000010000053250008040000900078081620000600300000040000000
100000060057003000000000208000250000710600000840000700003708000000000001090005020
075600000043005600000203000090000045000070000060534000038002010400000809000000064
009610002000500097670000000000003000205000000700104826300070200080000039000030080
050000008009105000000600000706800300200030040034007010060340091000000706000090080
003900408507000010806000002700050000018000700900002360000021000000008000001600040
040600000000002005007105009008050004930000060000806000070400000000709000102000900
000000105900035000400100230060840000008070340000000008200000900007013500003090000
000000600709540000204006000040035060302900040000800203000003090100000700000002300
080400706000030010730000080008003095900000400070104003017000000000001600090605000
000000890090103000000040300000000008080060407060302000270000500906004100300010000
400070000006203009030500000200000008900450106080001400000000700000890050000600004
037500000000000900562000000200009307000300200100050090000902060000064070084000000
600000005700000200000085063021008400090036008000004020089000002030000000000060150
760000230004000000020008600003020009010000004400107003050400000300890010002050000
060000040350004190000007050000803000000940015000050400004100000000070060072600800
000504009050090700003000200070000300002087000000610000600009000005300800007002104
020710080000050001600009400900080200000000803500004000806000079300000000017000000
020080700400030000008000003540009000801500600000008097000001060210060050000050009
000000840300200005001750600100040098000006450000030000004600300000000071972000000
007500630000040000900018000003000265050100900020000040000300000000050000600070021
020760500000100080000035070013000250090200807700300000000684000980000000200000000
020000680000040000040000300000728900007503000000000200001005020000060007380009460
000436000000010008000000067065007000800005002000890000302080040008100300040000900
040009070800007004700005200003000002000430500000000408200500000079020005010080900
000010300060503000008700050750000900030072000084006000090080005000000040100300007
000000050007090800500000167300009070041000000000560002023000900000658000070000000
000000062000000300010090070000054001753900000000600000002000900080010004305007000
300000006000090037050600008000000820080041000060300000002080003100067090900100000
030000169100400002000000700001002050008006000902004000000900400000030076000801900
402000370090200000701090200057000002000000010080005000040003080009008000003600907
400005007030000000090207000000500072006002000000009504081050200500000000040903006
002040071008200005000000090200100700001003000000080000500060080400001000100409050
040007003091000400200003090400000350500000070020600000000050008000800060700010020
061000050002100040030500006000000900000030000094007801015280000000000300008001007
008000120400100000070043000000008007016037002000420000007000900009200000100506000
003020000009004760700108504470000650000007000010500090000009003000400000000030100
900600700102300000000050300087010000203500006050000000008007000000100009000006012
005100800000000000096503401041002500003000006060090000000040009009000380010070605
070060000100072060560048010010000000300000000004027800000000000700000009643001027
704000800080400001610009300900000030350806900000090708400700000002000000000000602
076004000000760004400320001300000000097000850020000040000501082050000100008000700
007008006500301000006250000902000005100000030370006010000000000605000300000100809
105008090097000000040000000000002800060000359008005460050020014000000000004900700
700309002100006073006000000001000040040980000000200800500000000000708009200000005
000007006805009000000000200040012008006000039010000000020050003000800700030060042
030000074009250600040003080007005000000800000690000800200308060060400720000002300
000130009800504000000000705400000070085000000673001000500300000001089206040006010
008000002300087000040201890000074080025000700400000000000760900060000000090100450
003002000001000803000095004080003000006014200010500070000000040002000091008041000
000000123000150000000000000009004070600290000001800400020000005704069000000003608
098000103000401008070080000600800000009000300000070009050000092000010600030046070
860000000097000300005107006003600102400000000020080000500200014000004900000000800
000000000000600702001308000005010306908005000100970000000000008037080050004702003
090700800000050067003040020005010200300007000600480000000004600009000000002098503
006030002094000005000007300500020001007000069000160000602300080000900004050000000
500000300010020090000906007000710000600004000104008002002600400000035000035002000
030900005000000000560030002702045300000000000003720000900007040008300100005100907
300700000009000000000521060000002006002010708086050903800090000240300500000000000
003001040000906000700840005900000300500020000030000080090005026100090704006000900
804000200020040010030020060000000406000000090001600000007090001015000003063710049
000000020300000001200950030000200000102004380080000004009001000650090000403007600
490287000000003001006000000000008510000090080070000006507800000000002907600010050
000000000605002700300000208006098023000700091000403000030070010018005007200000000
000000926070100080509000100000496002004000060003000000038702000000903000600000004
400003009070290000508007000800000340000000010000510006310009000600000200020070000
090800103260000000000034060400007000020900005000080900800040000700610040000000000
000200000000539008100040600406002010309000400020000700000006000005070340000000005
400001003200040800030000090500002000000800000104060700060100020001080067700450000
490056000005007000000030001008000027003500000700081009000000103600320000050000900
800520000407008000000040000068100002104000509070000800020600003300090087000000060
006470000000080001020900050600000045109006000000000300703000068001700000500060900
200307080700010064000005307000008000000060105004000000000009200567800003000050000
206308900001020006000090000500000098009510402100000000002780000050000000007060043
000090001810000300300007920000002000500073000400000513000200060020004000083000005
000200698000700000010690020002000900600000070400007003004000100008900700006005340
600402900050001008000090000002019300060045000700000600208006000000000200310000007
520060009086000000040000050000900001000030000058010040090003010400700590002400700
041005070020800090000030000095000047000050800000003000006204180034009000000001000
040001609000029010050040780071000500005070000090002000904000000030005070000000830
001500900030018005200000004500000200084000000000000060003700020900160000060000800
760004009500092008000700030000070900028040000603800000300000710000060000200000060
000070100050300008290005000386010900020053000000009040000907803600080000009000000
050090300000200450800040006000006041700004000080007000027030090000000000190600000
020040850005700003100000006000039100400000580000008000008002004034000000000100090
080000009000000710410000000050700000900240008628030005000028954000000000100503000
106008000080120000027000400000000000571800030004050000000307201000000004030002580
693000400000000060000008007027300501005000900000100720000064000000010000904200050
350090800090000201280700500000000070000150000000400008029010600000002000408006905
000100080080003092000209500003000200097000000000007150040000000000760005019040070
070300806004000000900000013100052000000008920008003000000400690003000001020700000
000073062700000050000609000500000000090504700024000000102000000075040630300000904
060002000005000800023504000209000000000000073000007500000000000140080002000095104
042000053001400000508007064100270006803000500000000000035000700000000639000910000
000500007060029000000806205000703000050000004010950000046000010000082603100000500
492008050000006009008070400010000000000100805809000003040060500700005108000090000
000010000000800670250900000000009300720000408040000000800300052000007030100080700
081029000000000100000400030750036080000000000020705010007003900604000000000002004
010800000900103000500070900000001003009000006020608010800002074004060009000007060
000500003000010086870000210081602000700050000006089000000060000604090030000001402
900400030000350000040600000007000050000000096020006840000000920070500408016040000
200019005090008000310000600806050040004000003000080500000760190000000000160390000
009600000003000050200000901000000085000520060802090040304000000010203000000861700
008006000053900000100000000700030800500000001000204006061800500004600200000300017
009000600000067000000000091070000000042070005000203000080000040003005017061320500
000000009400030070900000030000050062080006300030002010194003000070009250002070001
000800000000017002070600090708005000000080900002000060320000006014002570000060000
004102078200300050070900012105000006000003000000590007060080040089005000040700000
049105080500900360000004000000000850100360000020047003006700000000000000003019500
060000000005700010090000060000000806000008035006100270007900000301040000950300008
203500600810000400000060072040000027000015090000000000002008051405003060000007000
826000000000090400000005007045800000030000000700503080007002609000040000000016020
300009200009407300740010000500000103000084000970200680000078000000900000060000005
009000007006000020230600000000290708040000000020400560780300100000001305100004070
070000980060400070000200000010090500003001600608000400004050800050810000000000060
000000040000006000000010875030407900500000084002000010041002060000000002069075000
100047005000000004802006000000000003000000520704000901903000800007209010000010040
200004008006000010000001709100903400500008000030450070305000000091600000008300200
010020400000003000060000170000000000001008000002691005703006000000459700200000090
000002009905004008630009207060001004700000000400000103000005400000010000009870020
250000000008600000090702050002006790000300040000008230006000900420000080005001026
004000900000060010900700080400093000000020003100006050850070000000400001000050009
005000006080620030009004000400002080920080500000000000004007060060050003003010007
000300906050800200006070000090000800300008010000647000400100000519700080000000004
400305001000000207000004000960000100000701500100000000005020490208040030009060000
700010008000005900000800040085043069400000030030506007003004070000000050024000000
360004009928000060040300000201007000000000070000690030600080000800002500009500008
070090000006850000300000100000062001038005070600300000050400000004001008000000260
030820900000106004000500000500009020100600409000005607290708000004000206800000000
000080000070600100400005026008020000600050200007006304906042000000810000000000090
300000705401500060006000000039004006000705200800000000000000970090020001060890000
000050100500902060090000000050070300300000002406020008200500701003000000000307600
000070000005900040008060009000500810000001003200080000100020000003000006900008720
043000009000829000000000620000601000000050147007400000900000076400000081002008000
092100400500040000060200000000700020920001005047060000000000900000003200158000040
050300009300054000010806000000008900020400007068000040087600400000183700000700020
070400000000002006040050800607000508000090020380000040000206003000080150000300000
000300005000705030000000820930060000060098000502000000200079104005000009090002600
304200000060730000008900000002008040000079200009000307986010000003050600000000003
308040000005026000900800006006300020020007098500090000600052000000000013007008000
000000050930800240010020000600000009520009014007000002000030000000060700003092800
100008703030500002050002000200600841000900070870025006080060000610000090000000010
000805900004010000583000002002609030000000000000008450000000601807002000600700200
000000720080020003600500000090000304000030100000670000100060870700200009050009000
000002070248007000030000906306080405007000100000300000500068000600000000000400300
903000000100047009007100520006075003000009000070000100200000000300001970000000058
000060023000053870000900014007200000005000000461000000056001040003720600800009000
000008405060000000502040000600800000009052003050107000805003010030016800090000040
004000000000250400100640300518000067060008030000006002600089073800000000700300004
000006020500000790301050000005000080000300004970010000780040000000007068002090300
040000800900002050200016900000600400002800000007501000030000090000358002600007008
400009005005000002000000140280000600100250000004000009009500030706080000000170000
504009010009000007081000300000800002000370000002000580007005000010080000040061900
080000700005000309027803005000000000658002000430006000000004008070061000001780040
470230050920000700000000004100002940000100500000090000050300800000060000000958320
000710050809000120005002000000003000000001000030045906040007802000060000608000004
300000548040020000070038600050000000007000310008006900600070000000100003720005800
130000060060400009090010000009000080000000405750020000000005107500009000008004090
900350860001900030007000000093060008080004002700000100002008000670409000030200000
000040010040000700500129300000000070002010039060003000205700600470200000003800400
006000040100803060300070000009000010700000000001087200000054002004302006600010050
000300001003807004045000000030001000020090007508060000069010000004030010000008050
000004000163000000000103200000800000305600801072400050900300400006708300007000090
000001300000280500000400009000000063005008000620030700300000046001000000004070020
001000000870601020020000401050900000000106200130507060902000300000000000000075040
000800019000040005500320800700000060006050000080070300871004050000000003000200700
050320090000000260080400500003000026090000000500201037400002000068500000100700004
000900002000702060000405790000184000000000570800000200057600000200500000690000000
790600050006500830000000040020040000004006000000018900500000000640002098000000670
007094000000800765000000000050019480000005000300400000910540630000000070000201908
000008000700130000003000170040600815000850030090000060000000050064002000000397000
003100000680005004900048000000080015030007000006000407509000001000050000010726003
100204000300000200090081000200007090030000054007900003000602085000005601009000000
300000009000107000072030010000004008109080000000050040600009003010240560003000000
005806000040300500000000028070490006000000700800003040902040800000000000010670000
050007036000430900000086070700000000830000000001008400900050600007010509000000100
840000506000850039000004000050402000001000200007300010000170023000000000000005800
004607000000809360700000040613000070900010000008302000000000000000096200030000008
710003000003020500000000800000004000000090070095670010300700002060000098100008350
070064000006000093000000014000040020007500000900020105700009040001003000600250800
003001024000470800800000100000050236050002408007000000080005000002009000000780050
000900300706200400000085000070400060005009000000000002000000009347800200602000100
070000900500060000000203000001090500002670004000005000003050000000002007896000030
900700020050000083800020001020401300000000070003000009200000405007006008005300900
000008000230600000060020003100000300002030908300980500000100000008040070701060200
080019500100070030000004080090000020721005000008700001905008400000050860000041000
090250000000000204007000809005000000083002000000139000200400000001705060306800042
000080029007005000000000060000090207800400006090510080004260001003000000000150094
000090060060107000080004003004000300792000000300809000000006200020950610000070809
000090520000000300700030004200000060008301000000405010019040000402000000035100207
300800900000000007082000000000200050001053800007060009018306500030007000000020006
480000030200900000000000600000000500800159007900402060000000000043800002000270904
009800000001094000230010000000009600902700100807006040710000209000500000000000570
000800206700000000000031000604000000200089000810400900000300618107000040400060002
000001070240600000003009000001000906000490000000012503000075000068000000000000107
900400000700000020865900000000600000007000006029015008400006705030800000000040010
054000700007400580300008002000090003000003800070000260100000000000570001090800000
000005016061430200000000000000079000500020100007056049000000450004001000250000800
600070005200000100010006800000008000100400006000260040000540008063089050005000003
000003400000690000801240090040060750600000000500000108020000601100000003360007000
000100400600008007008420090200500609000004000004090705000700200002900000500600000
000406102030008064700000050090300000200000080000004920009000040000003010078200000
903000000006002050200410009000050060000008300000901000005040600007503200800000070
070006090000049700082000005008392000000500000201000500090000100520070000000008004
000007080309005000100090064000070000700100000400000003001200070050060208006000409
000800530581300000000002004600009103000500400007080020100000000063000002250000760
690000730300050000042000090008702301000000007000508040004080000020009470009005006
040003000005007000090260400000000805070005030020040006804000302200090000059000001
300800000010000007006004000000200300600090000900008025040000010200045080050002030
007009200000850007000000013900010520520008000000040000690400030050001000000003600
900000600102006008007930002090000000000000097250000000000840003820100504000050020
000300000000000158012050037000009000458000200600000000190004700200090000006078009
600000030002067090070030260900100074107005600000090500300002000001000043000000700
600019000050000040200040507002657000000900000030080000100200009007006080090000004
000000000000397080090100400401500930080000001500000800930002000008005296000060004
600000008000289040040610500007560003000000000200070901400090680023000009000000000
890005000034000500100900703000058000081600000600020000700009004008073010016000907
800900000010800003000052000000000076052000008000071000007000000003060204005024001
003007005098640020000000708209000000060010000000906800007000003040000090050072000
000700100000430025070006004200090000080000006046800072390000050607000000050100000
009000020002007000070050890050001700460000001000700000000039260100400000000060004
170004609500001000008300000002048003300010020096000005920000000000000000000003410
000050102000000000000076008300600870007018005090000063001000000002080000600003010